1 00005U 58002B   26184.92773643  .00000389  00000-0  47888-3 0  9990
2 00005  34.2503 262.6622 1836522 214.0078 132.8191 10.86011446445109
1 00011U 59001A   26183.82733971  .00001663  00000-0  87083-3 0  9992
2 00011  32.8680  25.9485 1444915 145.9399 224.2993 11.90555036537339
1 00012U 59001B   26183.63452910  .00000194  00000-0  98246-4 0  9995
2 00012  32.8976 170.7325 1646210 187.0497 170.3904 11.48622424533101
1 00016U 58002A   26184.34608003  .00000213  00000-0  28607-3 0  9999
2 00016  34.2627 258.3537 2016977 188.7769 167.1631 10.49601180690611
1 00020U 59007A   26188.03290828  .00000379  00000-0  14754-3 0  9993
2 00020  33.3385 195.4655 1637419 160.0065 207.3081 11.61983944486929
1 00022U 59009A   26188.27180679  .00009756  00000-0  32075-3 0  9999
2 00022  50.2446   0.7706 0077576 206.1603 153.5430 15.29288845803427
1 00029U 60002B   26187.79544593  .00000408  00000-0  83635-4 0  9990
2 00029  48.3786 291.4595 0022144 351.7867   8.2681 14.78799726545036
1 00045U 60007A   26188.28903299  .00000400  00000-0  12409-3 0  9992
2 00045  66.6947 307.0335 0244262 145.9373 215.7684 14.35989236382930
1 00046U 60007B   26187.98492214  .00000602  00000-0  12779-3 0  9993
2 00046  66.6864 174.2629 0202294 278.1651  79.6560 14.54901314459887
1 00047U 60007C   26187.96941307  .00000613  00000-0  15600-3 0  9992
2 00047  66.6657 353.4096 0212065 124.4627 237.6718 14.45332685453660
1 00050U 60009B   26188.18659741 -.00000106  00000-0 -18408-3 0  9999
2 00050  47.2298  99.6477 0113416  74.3096 287.0172 12.20166843940144
1 00051U 60009C   26187.72186290 -.00000068  00000-0  15377-3 0  9991
2 00051  47.2148 348.9088 0107313 254.3082 104.5845 12.18380279933556
1 00053U 60009E   26188.26370578 -.00000158  00000-0 -71071-3 0  9991
2 00053  47.2767 280.4017 0100124 135.9870 224.8944 12.17412998937877
1 00082U 61004B   26188.28855180  .00000082  00000-0  10122-3 0  9992
2 00082  38.8610 285.1319 1166628 323.3445  29.2660 12.27922123 79272
1 00107U 61013A   26188.24555783  .00002942  00000-0  34182-3 0  9991
2 00107  28.7757 200.7819 0492362 315.7050  40.5113 14.22276915279359
1 00115U 60002D   26188.51370281  .00001552  00000-0  14912-3 0  9990
2 00115  48.1637   0.8429 0025872 348.4015  11.6304 14.98305794521182
1 00116U 61015A   26188.44113793 -.00000011  00000-0  50493-4 0  9996
2 00116  66.8073 201.2675 0082279 259.7203  99.4592 13.92335055299520
1 00117U 61015B   26188.30422625 -.00000025  00000-0  40740-4 0  9998
2 00117  66.8138 316.0984 0084321 282.6737  76.4924 13.90192672296859
1 00118U 61015C   26188.46197346  .00000091  00000-0  10628-3 0  9998
2 00118  66.7643   9.9731 0089012 258.4340 100.6741 14.02741828318984
1 00119U 61015D   26188.41188832  .00000538  00000-0  23900-3 0  9997
2 00119  66.7279 335.9306 0107061 246.6389 112.3418 14.27356060361208
1 00120U 61015E   26187.96082674  .00000375  00000-0  16820-3 0  9997
2 00120  66.7053  19.8804 0111910 346.8143  13.0034 14.29619911351153
1 00121U 61015F   26188.45387173 -.00000012  00000-0  43885-4 0  9996
2 00121  66.7483 351.1366 0094267 346.7863  13.0752 14.00235063329208
1 00122U 61015G   26188.24047197  .00005697  00000-0  44282-3 0  9997
2 00122  66.7395 124.5224 0038963 197.4825 162.4971 15.01503479397282
1 00123U 61015H   26187.96220788  .00000427  00000-0  14796-3 0  9998
2 00123  66.6866  15.1660 0115994 255.5080 103.3133 14.41718155382384
1 00124U 61015J   26187.98498831  .00000583  00000-0  22549-3 0  9995
2 00124  66.5421 190.9675 0061998 121.7787 238.9373 14.36047802361770
1 00125U 61015K   26188.11034395  .00000337  00000-0  24066-3 0  9996
2 00125  66.8743 239.3707 0067394  45.9099 314.7508 14.07716378320063
1 00126U 61015L   26188.01176351  .00000705  00000-0  22279-3 0  9998
2 00126  66.7085  40.6928 0065741 243.7845 115.6493 14.44919469367464
1 00127U 61015M   26188.20249666  .00001147  00000-0  32082-3 0  9994
2 00127  66.8271 251.7215 0064408 343.8218  16.0832 14.48622943369759
1 00128U 61015N   26188.22221372  .00000066  00000-0  91899-4 0  9992
2 00128  66.6746 129.8665 0099721 302.4345  56.7123 14.02039852317889
1 00130U 61015Q   26187.97111870  .00000023  00000-0  67803-4 0  9998
2 00130  66.7686 202.6799 0092614 275.4095  83.6428 13.99431930314229
1 00131U 61015R   26188.00988985  .00000094  00000-0  11116-3 0  9996
2 00131  66.7351  54.1281 0074261  52.3638 308.4154 14.01795583306246
1 00132U 61015S   26188.23314353 -.00000014  00000-0  47118-4 0  9999
2 00132  66.6608 282.3256 0074575 182.0144 178.0646 13.94775949306465
1 00133U 61015T   26188.34895498  .00000604  00000-0  30012-3 0  9994
2 00133  67.1127 168.4002 0044701 127.1513 233.3681 14.23062984336355
1 00134U 61015U   26187.89314933  .00000071  00000-0  10175-3 0  9990
2 00134  66.8811 358.2367 0081542 182.1619 177.9124 13.97770859308459
1 00136U 61015W   26188.10594396  .00001018  00000-0  32975-3 0  9994
2 00136  67.5269 229.4962 0042833   8.4086 351.7733 14.42181189359631
